0
0
1
2
3
4
4
5
5
6
8
10
10
11
11
12
14
14
15
15
15
18
19
20
21
21
22
24
24
25
28
28
29
32
33
33
34
34
35
35
35
35
35
37
38
39
39
39
43
44
44
44
46
48
48
49
49
50
51
51
53
54
54
54
55
56
56
57
58
59
59
59
60
62
63
64
66
66
67
70
71
71
71
72
72
73
74
74
76
77
79
79
80
80
80
83
84
85
85
85
86
86
87
89
89
91
91
92
94
95
96
97
97
98
99
99
99
100
100
101
102
102
103
103
105
105
105
108
108
109
109
111
112
113
114
115
116
116
117
117
118
119
120
121
123
126
126
126
128
128
128
132
135
138
138
139
140
140
141
144
144
144
145
145
145
146
147
148
148
149
151
152
153
154
154
156
159
161
162
163
164
165
166
169
169
172
172
173
173
174
175
176
177
178
178
179
180
181
182
184
185
187
187
188
189
190
191
193
193
194
195
197
198
199
199
200
200
201
201
202
203
203
205
205
206
206
207
207
208
210
211
214
214
215
216
218
221
222
223
225
225
225
227
228
231
231
231
232
234
234
235
236
236
238
238
239
240
240
241
241
241
241
242
244
245
246
249
250
251
252
252
253
253
254
256
260
260
260
261
262
265
265
269
270
270
271
271
271
272
272
275
275
276
276
279
279
281
282
283
284
284
284
286
286
286
287
289
289
289
292
293
293
294
295
296
296
297
297
298
298
298
298
298
299
300
302
305
307
307
308
309
310
311
311
313
313
315
315
315
316
317
318
319
322
322
323
325
325
325
326
326
327
327
329
329
333
335
336
339
339
341
342
343
343
344
344
346
347
348
349
349
349
349
353
354
354
355
356
356
357
358
363
366
369
369
369
369
371
373
374
375
375
375
377
378
379
379
380
380
380
380
381
382
383
385
385
386
388
389
389
389
389
390
390
390
393
393
395
395
395
396
396
397
398
399
400
400
400
401
404
404
405
406
407
411
411
411
411
412
412
413
414
415
417
417
418
419
421
423
425
428
428
430
430
431
431
432
432
433
433
435
438
439
439
439
440
441
441
441
442
444
446
447
447
449
453
453
456
456
457
459
459
462
462
464
464
464
465
466
466
466
467
470
472
473
474
474
478
478
478
480
480
481
482
482
482
484
484
485
485
487
487
492
493
493
494
496
498
501
501
503
504
506
506
507
507
508
509
510
510
510
511
512
512
514
515
516
517
518
518
519
521
521
522
522
523
523
525
525
526
526
526
526
527
527
527
527
527
528
528
533
537
539
540
540
541
542
543
544
545
545
547
548
549
549
549
552
553
553
553
553
553
554
554
555
555
555
555
559
560
563
565
565
565
568
570
570
572
572
573
575
575
576
577
577
577
580
581
581
581
582
584
585
586
588
588
589
590
590
590
592
593
593
593
593
594
594
594
594
595
595
595
596
596
596
597
597
597
600
601
602
602
603
603
603
604
604
605
608
608
608
612
612
612
613
613
613
614
614
616
616
616
616
616
616
617
618
618
620
622
623
624
624
624
624
625
626
627
627
628
628
630
631
632
633
633
634
634
635
637
638
639
642
643
645
646
648
649
649
651
651
653
654
655
657
665
668
669
670
670
670
671
676
676
677
677
679
679
682
687
687
690
690
691
693
693
694
694
695
696
699
702
706
707
709
710
710
712
712
712
713
715
716
716
717
717
717
719
720
721
721
721
723
723
723
723
724
724
725
725
726
726
727
728
728
729
733
734
734
735
736
737
738
738
739
741
741
742
743
743
743
745
745
746
749
750
750
751
752
753
753
754
755
756
756
757
758
759
761
763
763
764
766
768
769
773
774
774
775
775
775
777
778
778
778
778
780
780
780
780
781
781
781
782
782
786
787
789
791
792
793
793
794
794
794
795
799
803
805
806
807
807
808
808
810
811
811
811
812
813
816
817
818
823
823
824
825
825
826
827
830
831
833
834
836
837
840
840
840
842
843
844
845
845
846
848
848
849
851
854
857
857
858
860
861
862
862
864
866
868
869
869
870
870
871
872
872
873
874
875
878
878
879
879
880
880
882
888
890
890
891
892
892
893
893
900
900
901
902
903
903
903
903
903
904
904
908
911
912
912
913
914
915
915
915
915
916
916
916
918
921
924
924
925
925
928
929
929
929
930
931
935
936
938
939
939
940
941
942
943
943
945
945
945
947
947
947
949
954
954
956
956
959
959
960
964
964
965
970
972
972
974
975
980
983
986
987
987
990
991
993
993
993
993
994
995
997
998
998
998
