1000
335
970
830
472
734
440
413
987
459
929
803
379
395
939
428
89
651
173
205
236
74
523
916
807
810
613
315
239
902
575
11
128
116
935
596
238
941
588
58
302
179
347
276
369
97
375
727
676
44
148
298
823
594
400
526
14
174
725
478
91
555
149
164
358
501
20
242
474
207
221
565
466
741
729
995
826
903
563
96
682
284
503
679
777
404
400
132
59
215
325
908
211
724
487
890
250
405
400
739
947
862
102
869
840
510
624
37
144
272
21
873
593
35
565
375
512
272
470
793
724
773
85
201
693
654
874
446
474
575
98
231
433
439
806
943
159
216
385
614
633
901
929
742
227
964
140
343
990
296
269
694
484
608
794
998
70
633
180
527
100
553
892
878
276
325
464
759
206
398
465
49
603
521
66
842
356
487
319
305
156
510
526
428
73
723
118
482
861
322
71
782
0
493
1
780
818
369
813
725
631
260
743
249
860
585
12
430
128
523
481
5
795
612
588
99
329
256
281
726
54
282
618
527
141
76
435
735
763
721
311
67
716
986
348
388
441
608
993
87
892
514
205
827
147
734
493
930
389
543
597
225
245
244
152
456
187
72
786
554
712
318
138
411
298
286
596
199
526
750
327
811
190
553
478
799
875
380
44
752
66
719
111
298
92
346
80
857
527
964
625
676
117
980
854
750
871
169
778
938
344
389
581
544
369
275
173
527
903
726
565
687
755
85
34
363
993
380
59
240
836
601
11
35
782
404
594
265
915
608
624
595
754
8
627
115
691
74
507
947
414
617
634
193
222
593
246
270
214
279
287
64
808
238
29
449
893
71
261
595
138
371
628
596
823
377
807
393
201
169
643
135
872
89
109
28
642
717
86
49
35
880
240
998
613
99
857
393
775
85
616
275
60
723
39
597
299
105
553
197
939
638
507
925
374
241
528
289
355
527
710
669
265
293
195
464
313
297
590
140
293
53
649
733
778
235
848
635
868
432
236
623
252
24
39
594
545
582
945
35
525
694
234
95
845
105
480
628
298
840
94
354
494
600
548
228
327
456
622
869
386
721
900
182
83
834
811
482
594
525
126
163
418
329
603
56
501
187
254
178
713
21
965
271
592
241
54
51
945
123
723
286
670
846
113
307
399
114
284
903
616
412
231
57
602
208
412
342
993
341
687
712
904
38
10
326
749
738
590
62
604
577
380
411
506
924
872
154
200
914
522
298
780
284
690
526
774
630
146
271
71
128
496
928
24
210
940
395
417
185
349
198
316
44
77
18
891
357
79
983
322
15
789
203
816
794
509
775
194
533
25
4
354
994
2
769
572
279
339
32
336
401
616
954
646
890
112
178
620
570
549
43
997
145
712
518
540
555
975
756
344
728
554
193
6
453
80
63
844
745
105
225
738
375
559
811
764
323
478
317
55
612
605
35
657
464
294
586
119
590
987
206
397
310
993
97
880
349
22
369
189
202
396
373
431
780
366
911
549
943
462
72
721
576
121
668
407
191
743
109
618
162
48
624
252
33
251
972
677
616
353
736
781
395
746
593
381
498
774
439
271
699
482
793
537
175
425
349
292
879
438
103
262
165
781
166
28
702
781
441
645
845
462
120
949
709
775
655
172
389
39
325
10
956
145
231
492
593
184
99
584
0
690
791
573
253
723
627
768
581
512
309
843
300
947
389
289
307
126
439
466
737
870
925
707
51
511
858
942
383
637
283
102
326
518
203
356
117
54
390
101
751
817
480
931
924
778
59
763
903
570
447
313
34
144
766
851
991
936
616
653
116
580
56
870
549
959
103
837
904
517
956
433
390
862
743
597
547
568
539
614
453
560
912
757
411
960
866
286
864
913
295
882
80
234
954
670
385
616
199
792
706
108
473
223
431
139
522
649
974
417
552
824
758
651
542
632
447
581
33
677
430
696
148
572
972
253
808
297
612
100
289
624
671
553
929
918
778
442
780
423
720
602
260
218
308
715
840
349
214
634
812
639
296
419
577
378
541
151
603
528
916
745
241
315
46
805
613
441
849
144
343
888
945
181
794
604
188
19
225
553
396
390
893
915
848
916
466
787
241
79
753
86
903
4
912
519
48
232
833
161
516
91
3
485
260
670
521
172
508
485
153
84
5
710
717
339
506
693
14
467
717
510
595
50
716
998
200
665
207
333
411
444
915
761
415
753
459
145
379
406
626
540
695
382
959
555
831
15
108
679
648
825
177
741
315
878
879
921
589
728
154
311
126
457
484
515
270
380
176
555
545
15
756
421
900
915
504
432
577
825
